Penalty: 63.75132837407014
root: 114	TS: 4
next: 84	TS: 20
List U:
114	103	109	112
List V:
84	50	179	179
root: 114	TS: 4
next: 128	TS: 14
List U:
114	109	17	103	93	103	109	112	103	124	93	103	109	108	110	108	110	108	110
List V:
128	44	176	90	2	15	178	178	52	61	178	178	52	61	15	178	178	52	61	52	178	178	52	61	15
root: 114	TS: 4
next: 122	TS: 16
List U:
114	109	103	103	124	17	93	103	109	17	112
List V:
122	138	4	175	147
root: 114	TS: 4
next: 44	TS: 14
List U:
114	109	17	103	93	103	109	112	103	124	93	103	109	108	110	108	110	108	110
List V:
128	44	176	90	2	15	178	178	52	61	178	178	52	61	15	178	178	52	61	52	178	178	52	61	15
root: 114	TS: 4
next: 169	TS: 7
List U:
114	109	112	93	103	103	124	103	109	111	108	110	124	103	103	17	112	103	109	17	112
List V:
169	86	67	150	153	68	87	8	161	154	164	164	164	164	164	154	154	154	154	164	164	164	164	154
root: 114	TS: 4
next: 138	TS: 16
List U:
114	109	103	103	124	17	93	103	109	17	112
List V:
122	138	4	175	147
root: 114	TS: 4
next: 64	TS: 0
List U:
114	103	111	109	110	109	112	103	17	93	108	17	112	103	103	124	93	103
List V:
64	132	11	13	21	102	131	130	133	130	133	131	131	130	133	130	133	131	131	130
root: 114	TS: 4
next: 86	TS: 7
List U:
114	109	112	93	103	103	124	103	109	111	108	110	124	103	103	17	112	103	109	17	112
List V:
169	86	67	150	153	68	87	8	161	154	164	164	164	164	164	154	154	154	154	164	164	164	164	154
root: 114	TS: 4
next: 172	TS: 13
List U:
114	17	112	103	124	17	112	93	103	17	103	109	108	109	112	108	109	108	111	110	111	110	111	110	111	110	111	110	111	110
List V:
172	10	140	137	136	69	121	121	121	121	121	121
root: 114	TS: 4
next: 10	TS: 13
List U:
114	17	112	103	124	17	112	93	103	17	103	109	108	109	112	108	109	108	111	110	111	110	111	110	111	110	111	110	111	110
List V:
172	10	140	137	136	69	121	121	121	121	121	121
root: 114	TS: 4
next: 75	TS: 15
List U:
114	124	103	109	109	109	112	112	17	111	108	110	111	108	110	111	108	110	111	108	110	111	108	110	111	108	110
List V:
75	56	105	63	162	171	166	167	166	167	166	167
root: 114	TS: 4
next: 168	TS: 9
List U:
114	112	109	17	109	17	103	109	103	109	109	17	103	111	108	110	108	110	111	110	111	110	111	108	110	108	110	111	110	111	110	124	93	111	108	110	108	110	111	110	124	93	111	108	110	108	110	111	110	111	108	110	108	110	111	110	111	110	124	93
List V:
168	177	143	123	82	54	91	152	159	159	91	152	159	159	53	98	91	152	159	53	98	91	152	159	91	152	159	159	53	98
root: 114	TS: 4
next: 120	TS: 10
List U:
114	103	109	108	110	109	103	111	110	93	103	109	17	103	93	103	93	103	103	112	108
List V:
120	94	74	129	85	76	106	1	22	89	160	160	160	160	89	160	160	89	160	89	89	89	89	160
root: 114	TS: 4
next: 67	TS: 7
List U:
114	109	112	93	103	103	124	103	109	111	108	110	124	103	103	17	112	103	109	17	112
List V:
169	86	67	150	153	68	87	8	161	154	164	164	164	164	164	154	154	154	154	164	164	164	164	154
root: 114	TS: 4
next: 4	TS: 16
List U:
114	109	103	103	124	17	93	103	109	17	112
List V:
122	138	4	175	147
root: 114	TS: 4
next: 14	TS: 5
List U:
114	109	17	103	108	17	103	109	93	111	110	124	93	103	109	112	112	112	112
List V:
14	170	141	27	101	83	25	24	165	25	24	165	25	24	25	24	165	165	25	24	57	57	57	57
root: 114	TS: 4
next: 150	TS: 7
List U:
114	109	112	93	103	103	124	103	109	111	108	110	124	103	103	17	112	103	109	17	112
List V:
169	86	67	150	153	68	87	8	161	154	164	164	164	164	164	154	154	154	154	164	164	164	164	154
root: 114	TS: 4
next: 142	TS: 17
List U:
114	124	103	17	93	103	109	112	93
List V:
142	139	144	157	51	157	51	51	157	51
root: 114	TS: 4
next: 149	TS: 12
List U:
114	93	103	124	103	109	17	112	103	109	111	108	110	109	109	17	112	103
List V:
149	146	12	79	104	5	9	127	9	9	127	80	9	127	80	80	80	80	80	80	9	127
root: 114	TS: 4
next: 146	TS: 12
List U:
114	93	103	124	103	109	17	112	103	109	111	108	110	109	109	17	112	103
List V:
149	146	12	79	104	5	9	127	9	9	127	80	9	127	80	80	80	80	80	80	9	127
root: 114	TS: 4
next: 132	TS: 0
List U:
114	103	111	109	110	109	112	103	17	93	108	17	112	103	103	124	93	103
List V:
64	132	11	13	21	102	131	130	133	130	133	131	131	130	133	130	133	131	131	130
root: 114	TS: 4
next: 175	TS: 16
List U:
114	109	103	103	124	17	93	103	109	17	112
List V:
122	138	4	175	147
root: 114	TS: 4
next: 155	TS: 6
List U:
114	109	112	103	109	108	110	109	103	109	17	112	103	124	103	111	111	111	111	111	111	111	111	111	111	111
List V:
155	49	180	163	66	126	72	70	81	70	73	96	3	70	73	126	72	70	81	72	70	72	70	81	126	72	70	81	96	3	70	73	126	72	70	81	3	70	73	96	3	70	73	73	96	3	70	73
root: 114	TS: 4
next: 94	TS: 10
List U:
114	103	109	108	110	109	103	111	110	93	103	109	17	103	93	103	93	103	103	112	108
List V:
120	94	74	129	85	76	106	1	22	89	160	160	160	160	89	160	160	89	160	89	89	89	89	160
root: 114	TS: 4
next: 170	TS: 5
List U:
114	109	17	103	108	17	103	109	93	111	110	124	93	103	109	112	112	112	112
List V:
14	170	141	27	101	83	25	24	165	25	24	165	25	24	25	24	165	165	25	24	57	57	57	57
root: 114	TS: 4
next: 65	TS: 8
List U:
114	124	17	112	93	103	109	112	103	17	103	111	108	110	111	108	110
List V:
65	92	78	18	148	47	88	55	19	19	47	55	88	58	60	19	47	55	88	55	19	47	55	88
root: 114	TS: 4
next: 36	TS: 3
List U:
114	112	17	109	112	108	109	112	93	103	124	93	103	109	103	93	111	109	108	110	112
List V:
36	34	39	45	37	174	32	35	38	35	173	35	173	173	35	35	38	42	42	35	38	42	173	38	42	35	173	173	173	173	35
root: 114	TS: 4
next: 11	TS: 0
List U:
114	103	111	109	110	109	112	103	17	93	108	17	112	103	103	124	93	103
List V:
64	132	11	13	21	102	131	130	133	130	133	131	131	130	133	130	133	131	131	130
root: 114	TS: 4
next: 49	TS: 6
List U:
114	109	112	103	109	108	110	109	103	109	17	112	103	124	103	111	111	111	111	111	111	111	111	111	111	111
List V:
155	49	180	163	66	126	72	70	81	70	73	96	3	70	73	126	72	70	81	72	70	72	70	81	126	72	70	81	96	3	70	73	126	72	70	81	3	70	73	96	3	70	73	73	96	3	70	73
root: 114	TS: 4
next: 158	TS: 18
List U:
114	124	103	17	112	109	93	103	112	103
List V:
158	134	125	62	135	48	48	48	48
root: 114	TS: 4
next: 92	TS: 8
List U:
114	124	17	112	93	103	109	112	103	17	103	111	108	110	111	108	110
List V:
65	92	78	18	148	47	88	55	19	19	47	55	88	58	60	19	47	55	88	55	19	47	55	88
root: 114	TS: 4
next: 181	TS: 11
List U:
114	17	103	109	112	103	17	103	124	103	111	108	110	111	108	110	111	108	110	111	108	110
List V:
181	33	77	151	6	20	20	6	7	20	6	20	20	20	20
root: 114	TS: 4
next: 176	TS: 14
List U:
114	109	17	103	93	103	109	112	103	124	93	103	109	108	110	108	110	108	110
List V:
128	44	176	90	2	15	178	178	52	61	178	178	52	61	15	178	178	52	61	52	178	178	52	61	15
root: 114	TS: 4
next: 78	TS: 8
List U:
114	124	17	112	93	103	109	112	103	17	103	111	108	110	111	108	110
List V:
65	92	78	18	148	47	88	55	19	19	47	55	88	58	60	19	47	55	88	55	19	47	55	88
root: 114	TS: 4
next: 141	TS: 5
List U:
114	109	17	103	108	17	103	109	93	111	110	124	93	103	109	112	112	112	112
List V:
14	170	141	27	101	83	25	24	165	25	24	165	25	24	25	24	165	165	25	24	57	57	57	57
root: 114	TS: 4
next: 74	TS: 10
List U:
114	103	109	108	110	109	103	111	110	93	103	109	17	103	93	103	93	103	103	112	108
List V:
120	94	74	129	85	76	106	1	22	89	160	160	160	160	89	160	160	89	160	89	89	89	89	160
root: 114	TS: 4
next: 40	TS: 1
List U:
114	124	93	103	112	103	124	17	93	109	17	112	93	103	108	110	111	108	110
List V:
40	43	156	41	41	16	41	41	16	59	71	16	16	41	26	26
root: 114	TS: 4
next: 129	TS: 10
List U:
114	103	109	108	110	109	103	111	110	93	103	109	17	103	93	103	93	103	103	112	108
List V:
120	94	74	129	85	76	106	1	22	89	160	160	160	160	89	160	160	89	160	89	89	89	89	160
root: 114	TS: 4
next: 90	TS: 14
List U:
114	109	17	103	93	103	109	112	103	124	93	103	109	108	110	108	110	108	110
List V:
128	44	176	90	2	15	178	178	52	61	178	178	52	61	15	178	178	52	61	52	178	178	52	61	15
root: 114	TS: 4
next: 177	TS: 9
List U:
114	112	109	17	109	17	103	109	103	109	109	17	103	111	108	110	108	110	111	110	111	110	111	108	110	108	110	111	110	111	110	124	93	111	108	110	108	110	111	110	124	93	111	108	110	108	110	111	110	111	108	110	108	110	111	110	111	110	124	93
List V:
168	177	143	123	82	54	91	152	159	159	91	152	159	159	53	98	91	152	159	53	98	91	152	159	91	152	159	159	53	98
root: 114	TS: 4
next: 43	TS: 1
List U:
114	124	93	103	112	103	124	17	93	109	17	112	93	103	108	110	111	108	110
List V:
40	43	156	41	41	16	41	41	16	59	71	16	16	41	26	26
root: 114	TS: 4
next: 13	TS: 0
List U:
114	103	111	109	110	109	112	103	17	93	108	17	112	103	103	124	93	103
List V:
64	132	11	13	21	102	131	130	133	130	133	131	131	130	133	130	133	131	131	130
root: 114	TS: 4
next: 143	TS: 9
List U:
114	112	109	17	109	17	103	109	103	109	109	17	103	111	108	110	108	110	111	110	111	110	111	108	110	108	110	111	110	111	110	124	93	111	108	110	108	110	111	110	124	93	111	108	110	108	110	111	110	111	108	110	108	110	111	110	111	110	124	93
List V:
168	177	143	123	82	54	91	152	159	159	91	152	159	159	53	98	91	152	159	53	98	91	152	159	91	152	159	159	53	98
root: 114	TS: 4
next: 34	TS: 3
List U:
114	112	17	109	112	108	109	112	93	103	124	93	103	109	103	93	111	109	108	110	112
List V:
36	34	39	45	37	174	32	35	38	35	173	35	173	173	35	35	38	42	42	35	38	42	173	38	42	35	173	173	173	173	35
root: 114	TS: 4
next: 12	TS: 12
List U:
114	93	103	124	103	109	17	112	103	109	111	108	110	109	109	17	112	103
List V:
149	146	12	79	104	5	9	127	9	9	127	80	9	127	80	80	80	80	80	80	9	127
root: 114	TS: 4
next: 56	TS: 15
List U:
114	124	103	109	109	109	112	112	17	111	108	110	111	108	110	111	108	110	111	108	110	111	108	110	111	108	110
List V:
75	56	105	63	162	171	166	167	166	167	166	167
root: 114	TS: 4
next: 123	TS: 9
List U:
114	112	109	17	109	17	103	109	103	109	109	17	103	111	108	110	108	110	111	110	111	110	111	108	110	108	110	111	110	111	110	124	93	111	108	110	108	110	111	110	124	93	111	108	110	108	110	111	110	111	108	110	108	110	111	110	111	110	124	93
List V:
168	177	143	123	82	54	91	152	159	159	91	152	159	159	53	98	91	152	159	53	98	91	152	159	91	152	159	159	53	98
root: 114	TS: 4
next: 85	TS: 10
List U:
114	103	109	108	110	109	103	111	110	93	103	109	17	103	93	103	93	103	103	112	108
List V:
120	94	74	129	85	76	106	1	22	89	160	160	160	160	89	160	160	89	160	89	89	89	89	160
root: 114	TS: 4
next: 134	TS: 18
List U:
114	124	103	17	112	109	93	103	112	103
List V:
158	134	125	62	135	48	48	48	48
root: 114	TS: 4
next: 153	TS: 7
List U:
114	109	112	93	103	103	124	103	109	111	108	110	124	103	103	17	112	103	109	17	112
List V:
169	86	67	150	153	68	87	8	161	154	164	164	164	164	164	154	154	154	154	164	164	164	164	154
root: 114	TS: 4
next: 180	TS: 6
List U:
114	109	112	103	109	108	110	109	103	109	17	112	103	124	103	111	111	111	111	111	111	111	111	111	111	111
List V:
155	49	180	163	66	126	72	70	81	70	73	96	3	70	73	126	72	70	81	72	70	72	70	81	126	72	70	81	96	3	70	73	126	72	70	81	3	70	73	96	3	70	73	73	96	3	70	73
root: 114	TS: 4
next: 18	TS: 8
List U:
114	124	17	112	93	103	109	112	103	17	103	111	108	110	111	108	110
List V:
65	92	78	18	148	47	88	55	19	19	47	55	88	58	60	19	47	55	88	55	19	47	55	88
root: 114	TS: 4
next: 76	TS: 10
List U:
114	103	109	108	110	109	103	111	110	93	103	109	17	103	93	103	93	103	103	112	108
List V:
120	94	74	129	85	76	106	1	22	89	160	160	160	160	89	160	160	89	160	89	89	89	89	160
root: 114	TS: 4
next: 140	TS: 13
List U:
114	17	112	103	124	17	112	93	103	17	103	109	108	109	112	108	109	108	111	110	111	110	111	110	111	110	111	110	111	110
List V:
172	10	140	137	136	69	121	121	121	121	121	121
root: 114	TS: 4
next: 33	TS: 11
List U:
114	17	103	109	112	103	17	103	124	103	111	108	110	111	108	110	111	108	110	111	108	110
List V:
181	33	77	151	6	20	20	6	7	20	6	20	20	20	20
root: 114	TS: 4
next: 125	TS: 18
List U:
114	124	103	17	112	109	93	103	112	103
List V:
158	134	125	62	135	48	48	48	48
root: 114	TS: 4
next: 68	TS: 7
List U:
114	109	112	93	103	103	124	103	109	111	108	110	124	103	103	17	112	103	109	17	112
List V:
169	86	67	150	153	68	87	8	161	154	164	164	164	164	164	154	154	154	154	164	164	164	164	154
root: 114	TS: 4
next: 27	TS: 5
List U:
114	109	17	103	108	17	103	109	93	111	110	124	93	103	109	112	112	112	112
List V:
14	170	141	27	101	83	25	24	165	25	24	165	25	24	25	24	165	165	25	24	57	57	57	57
root: 114	TS: 4
next: 21	TS: 0
List U:
114	103	111	109	110	109	112	103	17	93	108	17	112	103	103	124	93	103
List V:
64	132	11	13	21	102	131	130	133	130	133	131	131	130	133	130	133	131	131	130
root: 114	TS: 4
next: 77	TS: 11
List U:
114	17	103	109	112	103	17	103	124	103	111	108	110	111	108	110	111	108	110	111	108	110
List V:
181	33	77	151	6	20	20	6	7	20	6	20	20	20	20
root: 114	TS: 4
next: 101	TS: 5
List U:
114	109	17	103	108	17	103	109	93	111	110	124	93	103	109	112	112	112	112
List V:
14	170	141	27	101	83	25	24	165	25	24	165	25	24	25	24	165	165	25	24	57	57	57	57
root: 114	TS: 4
next: 105	TS: 15
List U:
114	124	103	109	109	109	112	112	17	111	108	110	111	108	110	111	108	110	111	108	110	111	108	110	111	108	110
List V:
75	56	105	63	162	171	166	167	166	167	166	167
root: 114	TS: 4
next: 63	TS: 15
List U:
114	124	103	109	109	109	112	112	17	111	108	110	111	108	110	111	108	110	111	108	110	111	108	110	111	108	110
List V:
75	56	105	63	162	171	166	167	166	167	166	167
root: 114	TS: 4
next: 137	TS: 13
List U:
114	17	112	103	124	17	112	93	103	17	103	109	108	109	112	108	109	108	111	110	111	110	111	110	111	110	111	110	111	110
List V:
172	10	140	137	136	69	121	121	121	121	121	121
root: 114	TS: 4
next: 87	TS: 7
List U:
114	109	112	93	103	103	124	103	109	111	108	110	124	103	103	17	112	103	109	17	112
List V:
169	86	67	150	153	68	87	8	161	154	164	164	164	164	164	154	154	154	154	164	164	164	164	154
root: 114	TS: 4
next: 8	TS: 7
List U:
114	109	112	93	103	103	124	103	109	111	108	110	124	103	103	17	112	103	109	17	112
List V:
169	86	67	150	153	68	87	8	161	154	164	164	164	164	164	154	154	154	154	164	164	164	164	154
root: 114	TS: 4
next: 39	TS: 3
List U:
114	112	17	109	112	108	109	112	93	103	124	93	103	109	103	93	111	109	108	110	112
List V:
36	34	39	45	37	174	32	35	38	35	173	35	173	173	35	35	38	42	42	35	38	42	173	38	42	35	173	173	173	173	35
root: 114	TS: 4
next: 119	TS: 2
List U:
114	17	112	93	111	109	108	110	103	103	103	124	124	124
List V:
119	117	30	46	116	118	118	97	31	31	115	29	28	31	29	31	29	100	100	100
root: 114	TS: 4
next: 79	TS: 12
List U:
114	93	103	124	103	109	17	112	103	109	111	108	110	109	109	17	112	103
List V:
149	146	12	79	104	5	9	127	9	9	127	80	9	127	80	80	80	80	80	80	9	127
root: 114	TS: 4
next: 151	TS: 11
List U:
114	17	103	109	112	103	17	103	124	103	111	108	110	111	108	110	111	108	110	111	108	110
List V:
181	33	77	151	6	20	20	6	7	20	6	20	20	20	20
root: 114	TS: 4
next: 104	TS: 12
List U:
114	93	103	124	103	109	17	112	103	109	111	108	110	109	109	17	112	103
List V:
149	146	12	79	104	5	9	127	9	9	127	80	9	127	80	80	80	80	80	80	9	127
root: 114	TS: 4
next: 106	TS: 10
List U:
114	103	109	108	110	109	103	111	110	93	103	109	17	103	93	103	93	103	103	112	108
List V:
120	94	74	129	85	76	106	1	22	89	160	160	160	160	89	160	160	89	160	89	89	89	89	160
root: 114	TS: 4
next: 147	TS: 16
List U:
114	109	103	103	124	17	93	103	109	17	112
List V:
122	138	4	175	147
root: 114	TS: 4
next: 5	TS: 12
List U:
114	93	103	124	103	109	17	112	103	109	111	108	110	109	109	17	112	103
List V:
149	146	12	79	104	5	9	127	9	9	127	80	9	127	80	80	80	80	80	80	9	127
root: 114	TS: 4
next: 45	TS: 3
List U:
114	112	17	109	112	108	109	112	93	103	124	93	103	109	103	93	111	109	108	110	112
List V:
36	34	39	45	37	174	32	35	38	35	173	35	173	173	35	35	38	42	42	35	38	42	173	38	42	35	173	173	173	173	35
root: 114	TS: 4
next: 95	TS: 19
List U:
114	103	124
List V:
95	99
root: 114	TS: 4
next: 1	TS: 10
List U:
114	103	109	108	110	109	103	111	110	93	103	109	17	103	93	103	93	103	103	112	108
List V:
120	94	74	129	85	76	106	1	22	89	160	160	160	160	89	160	160	89	160	89	89	89	89	160
root: 114	TS: 4
next: 83	TS: 5
List U:
114	109	17	103	108	17	103	109	93	111	110	124	93	103	109	112	112	112	112
List V:
14	170	141	27	101	83	25	24	165	25	24	165	25	24	25	24	165	165	25	24	57	57	57	57
root: 114	TS: 4
next: 136	TS: 13
List U:
114	17	112	103	124	17	112	93	103	17	103	109	108	109	112	108	109	108	111	110	111	110	111	110	111	110	111	110	111	110
List V:
172	10	140	137	136	69	121	121	121	121	121	121
root: 114	TS: 4
next: 82	TS: 9
List U:
114	112	109	17	109	17	103	109	103	109	109	17	103	111	108	110	108	110	111	110	111	110	111	108	110	108	110	111	110	111	110	124	93	111	108	110	108	110	111	110	124	93	111	108	110	108	110	111	110	111	108	110	108	110	111	110	111	110	124	93
List V:
168	177	143	123	82	54	91	152	159	159	91	152	159	159	53	98	91	152	159	53	98	91	152	159	91	152	159	159	53	98
root: 114	TS: 4
next: 54	TS: 9
List U:
114	112	109	17	109	17	103	109	103	109	109	17	103	111	108	110	108	110	111	110	111	110	111	108	110	108	110	111	110	111	110	124	93	111	108	110	108	110	111	110	124	93	111	108	110	108	110	111	110	111	108	110	108	110	111	110	111	110	124	93
List V:
168	177	143	123	82	54	91	152	159	159	91	152	159	159	53	98	91	152	159	53	98	91	152	159	91	152	159	159	53	98
root: 114	TS: 4
next: 22	TS: 10
List U:
114	103	109	108	110	109	103	111	110	93	103	109	17	103	93	103	93	103	103	112	108
List V:
120	94	74	129	85	76	106	1	22	89	160	160	160	160	89	160	160	89	160	89	89	89	89	160
root: 114	TS: 4
next: 139	TS: 17
List U:
114	124	103	17	93	103	109	112	93
List V:
142	139	144	157	51	157	51	51	157	51
root: 114	TS: 4
next: 156	TS: 1
List U:
114	124	93	103	112	103	124	17	93	109	17	112	93	103	108	110	111	108	110
List V:
40	43	156	41	41	16	41	41	16	59	71	16	16	41	26	26
root: 114	TS: 4
next: 144	TS: 17
List U:
114	124	103	17	93	103	109	112	93
List V:
142	139	144	157	51	157	51	51	157	51
root: 114	TS: 4
next: 117	TS: 2
List U:
114	17	112	93	111	109	108	110	103	103	103	124	124	124
List V:
119	117	30	46	116	118	118	97	31	31	115	29	28	31	29	31	29	100	100	100
root: 114	TS: 4
next: 2	TS: 14
List U:
114	109	17	103	93	103	109	112	103	124	93	103	109	108	110	108	110	108	110
List V:
128	44	176	90	2	15	178	178	52	61	178	178	52	61	15	178	178	52	61	52	178	178	52	61	15
root: 114	TS: 4
next: 30	TS: 2
List U:
114	17	112	93	111	109	108	110	103	103	103	124	124	124
List V:
119	117	30	46	116	118	118	97	31	31	115	29	28	31	29	31	29	100	100	100
root: 114	TS: 4
next: 69	TS: 13
List U:
114	17	112	103	124	17	112	93	103	17	103	109	108	109	112	108	109	108	111	110	111	110	111	110	111	110	111	110	111	110
List V:
172	10	140	137	136	69	121	121	121	121	121	121
root: 114	TS: 4
next: 102	TS: 0
List U:
114	103	111	109	110	109	112	103	17	93	108	17	112	103	103	124	93	103
List V:
64	132	11	13	21	102	131	130	133	130	133	131	131	130	133	130	133	131	131	130
root: 114	TS: 4
next: 62	TS: 18
List U:
114	124	103	17	112	109	93	103	112	103
List V:
158	134	125	62	135	48	48	48	48
root: 114	TS: 4
next: 135	TS: 18
List U:
114	124	103	17	112	109	93	103	112	103
List V:
158	134	125	62	135	48	48	48	48
root: 114	TS: 4
next: 162	TS: 15
List U:
114	124	103	109	109	109	112	112	17	111	108	110	111	108	110	111	108	110	111	108	110	111	108	110	111	108	110
List V:
75	56	105	63	162	171	166	167	166	167	166	167
root: 114	TS: 4
next: 163	TS: 6
List U:
114	109	112	103	109	108	110	109	103	109	17	112	103	124	103	111	111	111	111	111	111	111	111	111	111	111
List V:
155	49	180	163	66	126	72	70	81	70	73	96	3	70	73	126	72	70	81	72	70	72	70	81	126	72	70	81	96	3	70	73	126	72	70	81	3	70	73	96	3	70	73	73	96	3	70	73
root: 114	TS: 4
next: 148	TS: 8
List U:
114	124	17	112	93	103	109	112	103	17	103	111	108	110	111	108	110
List V:
65	92	78	18	148	47	88	55	19	19	47	55	88	58	60	19	47	55	88	55	19	47	55	88
root: 114	TS: 4
next: 66	TS: 6
List U:
114	109	112	103	109	108	110	109	103	109	17	112	103	124	103	111	111	111	111	111	111	111	111	111	111	111
List V:
155	49	180	163	66	126	72	70	81	70	73	96	3	70	73	126	72	70	81	72	70	72	70	81	126	72	70	81	96	3	70	73	126	72	70	81	3	70	73	96	3	70	73	73	96	3	70	73
root: 114	TS: 4
next: 37	TS: 3
List U:
114	112	17	109	112	108	109	112	93	103	124	93	103	109	103	93	111	109	108	110	112
List V:
36	34	39	45	37	174	32	35	38	35	173	35	173	173	35	35	38	42	42	35	38	42	173	38	42	35	173	173	173	173	35
root: 114	TS: 4
next: 174	TS: 3
List U:
114	112	17	109	112	108	109	112	93	103	124	93	103	109	103	93	111	109	108	110	112
List V:
36	34	39	45	37	174	32	35	38	35	173	35	173	173	35	35	38	42	42	35	38	42	173	38	42	35	173	173	173	173	35
root: 114	TS: 4
next: 32	TS: 3
List U:
114	112	17	109	112	108	109	112	93	103	124	93	103	109	103	93	111	109	108	110	112
List V:
36	34	39	45	37	174	32	35	38	35	173	35	173	173	35	35	38	42	42	35	38	42	173	38	42	35	173	173	173	173	35
root: 114	TS: 4
next: 50	TS: 20
List U:
114	103	109	112
List V:
84	50	179	179
root: 114	TS: 4
next: 46	TS: 2
List U:
114	17	112	93	111	109	108	110	103	103	103	124	124	124
List V:
119	117	30	46	116	118	118	97	31	31	115	29	28	31	29	31	29	100	100	100
root: 114	TS: 4
next: 161	TS: 7
List U:
114	109	112	93	103	103	124	103	109	111	108	110	124	103	103	17	112	103	109	17	112
List V:
169	86	67	150	153	68	87	8	161	154	164	164	164	164	164	154	154	154	154	164	164	164	164	154
